7.585616438356164 280.7881773399016 0.05953522
7.654109589041097 290.6403940886699 0.05905242
7.705479452054796 301.97044334975357 0.05855041
7.756849315068495 312.3152709359604 6.640914730347177719e-02
7.825342465753426 326.10837438423636 6.517021704858877440e-02
7.876712328767123 335.9605911330048 6.378855809470615479e-02
7.962328767123289 353.6945812807881 6.227007083399722920e-02
7.996575342465755 359.6059113300492 6.062267626931569509e-02
8.03082191780822 367.487684729064 5.885621558662922082e-02
8.082191780821919 376.35467980295556 5.698234866267118393e-02
8.116438356164384 385.2216748768472 5.501446382774441424e-02
8.150684931506849 393.103448275862 5.296761230972817786e-02
8.202054794520548 400.9852216748768 5.085848457261948896e-02
8.236301369863014 407.8817733990147 4.870544636442657865e-02
8.304794520547945 421.6748768472906 4.652865539110188908e-02
8.373287671232877 436.45320197044333 4.435027981450573309e-02
8.45890410958904 453.20197044334975 4.219483288991533743e-02
8.561643835616438 467.98029556650243 4.008963164315350325e-02
8.63013698630137 480.29556650246303 3.806535226726218829e-02
8.681506849315069 489.65517241379314 3.615660693677667792e-02
8.75 500.4926108374384 3.440237464746429691e-02